Webots Project File version R2023b
perspectives: 000000ff00000000fd00000003000000000000000000000000fc0100000001fb0000001a0044006f00630075006d0065006e0074006100740069006f006e0000000000ffffffff0000000000000000000000010000011c000001abfc0200000001fb0000001400540065007800740045006400690074006f00720100000016000001ab0000004100ffffff000000030000078000000219fc0100000002fb0000000e0043006f006e0073006f006c00650100000000000007800000000000000000fb0000001a0043006f006e0073006f006c00650041006c006c0041006c006c0100000000000007800000006900ffffff00000662000001ab00000001000000020000000100000008fc00000000
simulationViewPerspectives: 000000ff000000010000000200000100000005600100000002010000000100
sceneTreePerspectives: 000000ff00000001000000030000001e000000c0000000fa0100000002010000000200
maximizedDockId: -1
centralWidgetVisible: 1
orthographicViewHeight: 1
textFiles: -1
consoles: Console:All:All
renderingDevicePerspectives: NAO:CameraBottom;0;0.629688;0;0
renderingDevicePerspectives: NAO:CameraTop;0;0.340625;0;0
